-1581
7547
568
-1972
7952
-1510
-7259
6120
3178
-1130
3871
2457
-7422
-7513
4424
-1044
-5357
-9749
-1280
-2210
-293
-2048
1428
-5409
9265
-3767
219
2724
599
-4112
5023
-7149
719
7007
-3903
-4949
7662
1659
-674
2144
-6460
-9203
-6212
3707
7525
-7810
7645
-2513
-5911
4524
8973
9626
544
4018
1418
9605
3810
-5395
1718
-997
5353
-792
-5049
-299
5738
9328
-6244
-3616
8488
2732
-3776
4347
211
9184
7867
-5781
6089
-6596
4197
-9274
-6987
-2265
-4566
4717
-7066
6972
8060
779
8093
-787
-269
-9279
3362
3072
176
4087
6107
-6787
8252
-9282
-6565
-1630
6186
-8404
-5998
5475
1891
-7386
-2963
8820
-9578
5298
-9272
-5231
348
-9483
-5539
8415
-3890
-1553
-789
-899
-6010
-5848
-6390
9170
5844
785
-172
-6717
-8588
1401
954
-1400
-1590
3343
-493
-9935
1391
-9781
-2648
4157
-3616
722
-375
-1856
-5661
-653
2137
1938
7339
6527
-2632
-1166
-2695
-3362
8430
-5272
-4256
9838
-817
4450
-5711
-8769
-4421
9791
8944
4235
6042
6954
8099
9433
-8990
9686
-1609
-1498
-3328
4615
7751
-9068
8561
5766
7986
-7551
3162
-6293
2070
-293
-7219
-7336
-7110
-2295
8737
-7905
7987
3419
-7113
6415
9390
-5761
8849
9455
3415
-6551
-6126
-4020
4661
9331
4406
8379
5152
-3068
928
-7710
-2465
1222
8457
-7404
1655
-5768
4418
-8257
7122
-3277
5859
-9022
8734
-9198
441
-9579
4157
1664
-8693
-3594
5239
-5596
-1129
-3193
-7687
4510
247
-8668
-3078
8483
2359
4023
-8995
-571
322
4666
-9355
-2983
6718
6660
-7863
1942
8267
8262
-9729
-749
-3688
-806
-9103
1489
7516
4182
5344
880
6462
-7516
5094
-6538
8581
-9702
-1148
5344
-2196
4339
-4398
137
-8253
6149
1908
5788
8402
3863
-6120
6678
7404
-1021
3018
9812
6614
3595
-50
7216
8026
7331
-9945
-1289
5819
3812
-6636
-4939
3698
-228
6022
-5730
-5896
4365
-9353
98
5450
-6493
-2498
833
-6943
-918
4157
-2037
-9829
5243
-7363
238
8624
6102
-6787
4133
-7245
3163
-7561
6820
8760
9812
3334
-6716
8076
7983
2287
5677
7707
-368
9793
-1187
-3165
7824
-8717
5325
-1933
2925
992
-5690
6170
3764
7007
8736
-5545
8496
-9413
3330
710
-4879
-2000
5009
-7910
9944
164
-4176
-8171
-7613
-6231
1618
-5444
3314
-4382
-1711
5979
-3855
2594
-2421
-5452
6961
5711
-4140
4798
-437
-8293
-3822
-2374
-4789
2938
-4639
-9071
7814
4444
316
4302
-6935
5819
-8547
-5138
9079
-8257
-6224
2100
2214
7500
-5553
5284
4898
-1478
3540
-1451
2204
7558
25
-3795
1376
-2620
8147
3079
-2756
-4709
9779
-2553
-313
5353
-7886
-7659
8669
-5226
-5411
4789
-903
-3002
-1783
8156
-3744
-7666
-706
-1771
1125
2574
-8066
607
278
4185
-3154
-5819
298
6792
-5545
5152
-5635
-829
326
2877
8299
-7398
-3874
7867
-1681
4448
2702
-7664
-582
6339
8110
-8416
2279
-4033
-636
-9943
3711
-1474
-8693
-261
8152
8560
-9658
-9395
-2404
-6099
3266
7090
-7497
-9413
6763
5084
-7819
8230
4507
3866
-6204
-3404
4790
6922
590
-3223
1947
-1904
9570
8965
-5798
1052
3999
-1604
-7713
7604
1036
108
-2457
-6920
-8639
-5062
6985
-5665
-7455
9806
9918
-7845
-8230
-1696
4461
3149
-6267
9889
9805
-6011
-324
-5635
4995
2854
7012
7018
-573
-3056
-9789
-2784
9160
5091
1189
-6750
7714
-1989
-4754
-9683
3071
-2383
-4394
-9331
-3592
6428
-6779
-9327
6968
4055
-9037
70
-4656
1190
-3704
2061
5284
6063
632
5908
7068
2978
6367
6933
2854
-2557
3933
8109
4893
1977
9433
1469
-6798
2523
1660
5881
-8527
5311
-1182
-1366
-6425
2607
396
-1586
316
6069
2034
3876
-1999
-5630
-2465
4058
6733
9345
7138
-2522
-7762
253
-1913
666
-1586
-4183
6586
2055
-1267
-5378
2569
4426
118
2609
-7428
4723
-313
3206
-7513
-3383
5852
8581
7375
3055
-3787
2553
-2253
-2838
-874
8165
6407
8463
4804
-2546
-4334
5608
1419
-4505
9118
-893
8785
-7542
-2048
9407
3384
-9802
-3386
9901
6743
-4879
-7816
5473
-3693
-8204
-686
-5442
-9637
6354
8015
3012
6720
5224
1270
-3638
-7769
6180
2138
5876
-2310
-4656
6431
2268
-9470
-8934
882
-1500
-5226
-4824
-7636
-1147
247
8116
-6549
-9800
2298
-5308
274
-6699
9598
6068
4220
4406
-3531
-9462
-4756
-271
-6992
-4183
-4707
-8291
-3162
4194
1902
9686
-7946
5434
-1439
-7827
6954
573
-2517
-5195
-674
-8151
-7020
-6924
2405
5988
-1060
-7852
9136
-6126
-3681
5426
-7717
-7758
5165
-9144
8810
-8581
-9203
-5544
-4223
8468
-794
3035
-5061
-2464
6742
2007
3055
-7113
3057
659
-5404
-1300
7896
-3405
1309
-3143
-8879
4103
9538
-1970
6576
10000
-6690
-1827
-5322
8825
217
-3933
-8666
-5226
3430
-8850
6162
2925
5879
7353
2666
6189
598
-8486
-8293
7007
1183
-895
-5826
-5168
9102
-2955
-9036
-4921
-3068
-7120
6447
-2427
-4393
4618
3430
-5997
7992
-9331
2858
4091
-7401
6083
-3167
3232
-8441
4937
-8609
-5652
-694
-3877
5420
-948
-1633
-1873
-3980
-3383
-6652
6428
3556
1853
4820
1413
-1814
-5771
8379
-2279
2866
4618
-1619
2213
-327
199
2335
-5422
-7959
-5855
1877
9102
-8671
3876
9989
5975
-9666
1835
7862
-9942
4176
-9251
-2000
2553
8208
-122
-9905
-8526
-7846
4543
5651
-9856
-2100
8266
2977
8353
8715
-429
-31
-9335
1595
-3090
5152
8990
-2804
4201
7820
-4268
4219
3672
2617
-974
3349
-1706
4435
6351
1649
7625
4458
-7577
1362
-8918
-6094
7314
-2667
-9027
5961
-6524
-6469
-2676
-8226
-7542
-7590
8882
-2681
-9313
5503
-6304
-7849
-5489
-7868
2317
-8001
6941
-5120
-5597
709
-9331
-6792
-7377
-5981
3731
5701
9914
5169
2592
9864
4578
-7489
-8312
1064
-1313
-6761
141
6594
-5368
-4278
-4456
-9771
-9506
2348
5690
3403
8262
9983
7856
981
9640
-7666
-1248
4079
9407
7697
-372
-1379
-1864
9343
7920
-8626
-1300
-3903
-6803
3576
-5585
3381
-6296
2223
5438
-2414
8222
4161
7922
-591
-2213
-5534
-3379
6442
3889
6226
9324
-4005
-4282
5548
-7830
-4185
-811
-3744
-4176
-1478
-4517
5120
7203
8402
176
-3118
-8807
-7167
4650
7754
-9591
-3428
-2990
-3736
-63
2197
3232
-4525
-7881
-7029
-1892
7868
-8438
9014
3055
-5091
-3723
-9119
1735
-134
2196
-4391
3447
7457
6765
9058
9036
-4637
-3256
5926
-2147
-265
-653
6519
4185
1017
-5293
3425
7868
5485
-5400
-5628
4024
2594
-2626
-8099
-9308
2441
7936
3226
803
8577
5766
-1017
-8997
9325
-1643
-5232
-4838
-193
7710
260
3009
8646
-9388
8502
3829
1144
6333
832
9609
-1633
-9829
-3890
6358
7096
-906
-8782
883
-8421
3694
4586
9754
2584
306
8479
-8000
-1181
6104
2621
-1225
-5270
6454
8768
-1209
6441
5213
-6932
5650
1563
9439
-3325
-7777
-9391
-9099
-5138
5199
5082
5659
-7258
-8001
-7623
-126
1270
-3691
4869
3559
-5708
-804
-5072
-4560
2709
-3407
1889
5193
6419
8047
-3761
-5272
-5544
-8531
9889
5098
-4845
3931
-5587
-4425
5152
-1898
-1975
6195
-8988
6430
5867
-5804
-5688
-6966
-168
110
-813
-6973
-2378
-3178
945
9155
174
-6905
-2207
7988
1899
-5333
-5215
8659
-984
2783
-9393
5717
9014
1785
-1906
-5938
8102
9343
6568
-9230
6287
-222
-1353
-9077
4690
4037
7992
3933
965
5348
-579
-6663
-267
-3162
-8975
-4927
-9456
7249
-3425
-4309
-8569
176
8198
4816
-2824
2285
-8013
8514
-4939
1633
-3262
-8488
6275
6761
-4273
-2342
-9826
411
-7325
6299
5549
3387
-2273
9390
-4389
-6717
2055
-1317
-181
-3808
5737
8892
2395
2537
-8588
-1314
-7120
-6040
-9273
-8823
6811
288
5622
7034
2030
1908
6651
-6499
-2640
-6251
-3703
-5532
-6876
350
6442
7099
-5759
-3318
-7935
-4311
-2065
3698
3540
-9550
5956
-9070
9222
9325
237
-2382
9156
8347
-6798
6227
9431
70
-367
1855
200
-3658
9678
-5225
4510
-7341
5766
-6040
4768
4171
-5711
-5867
763
-2990
-322
-8720
-6527
7525
9249
-8826
-7209
404
6695
-5226
-6227
-504
-4812
4231
-7321
9641
211
1552
-8352
4613
-3492
1638
6556
4460
-5236
3968
2103
2603
-9716
7085
6473
-2934
-3485
-6072
-8877
9648
-9986
9118
-5570
-1044
-6477
3165
1715
-7238
-1169
8102
7461
-6141
-6750
-5042
-8290
-9272
4056
-9579
2766
-600
-7765
1552
-5298
8974
-9317
7832
1413
8448
283
1508
-4105
1376
6430
-3383
1865
1237
-9472
-4342
6013
-6294
5840
-4774
5516
1385
9249
9642
-1487
-7514
2950
3717
-5309
4998
241
7366
-8703
-3151
7707
-9308
-641
-9775
-5714
-4727
1633
-8298
8647
-4137
-9903
4175
296
3711
8820
8040
-4505
0
-4642
1844
2021
9394
-7547
6463
-4463
9806
-6390
-4671
-1640
-1014
-3114
8423
-1265
-8633
-3285
-9406
2249
-9502
-4113
8213
-8249
-4275
9417
-2215
-9157
5785
-6054
9275
3712
6110
4415
6551
8131
5167
-3428
8716
-279
-7139
2463
2845
6580
5205
8542
7137
4895
928
-5532
-3785
2837
9601
-7490
4373
-5112
2346
6628
-3219
-1807
-7170
4516
3858
-9104
2163
4454
3951
-488
8564
-654
-737
7820
3731
5202
-8068
-3375
573
8225
-9055
594
2880
7690
-1043
-8123
-941
6722
8015
-4381
9853
4398
-3437
9949
5407
-9128
-6783
9130
-9086
822
-4701
-4280
1360
2314
7936
-4761
-7181
-5368
1529
-5897
-154
6342
-3903
7778
-6029
-9351
-3114
4057
-8110
4055
-6551
5515
-9032
5614
-5574
-585
1271
2442
5725
1649
-3467
2177
-9818
3429
8561
7432
-8055
8089
8682
-2100
7252
9431
9966
3649
-3602
-5966
3853
9862
-2127
-1904
-4246
-1748
3765
-4754
8623
-1131
-1179
9118
3132
-5308
4421
-9942
8494
3951
-4125
8251
-1757
-1646
-4708
-7888
-6339
-8019
528
6074
4601
2528
3739
-4868
-3087
-3087
-6307
8282
-7373
3322
-4214
-3739
-3943
-4438
7639
-6113
-6142
-2987
2468
-8290
7685
2360
4566
-7197
-2695
-4172
-2049
-7116
-1739
4924
2901
-2879
2516
6346
-1586
-6920
-7938
2988
-4043
8015
8083
3334
-282
853
9777
253
4745
-8705
4516
-2988
5849
9433
1375
-5207
-5829
1042
5475
8379
-8253
-985
8208
-9261
3304
-9623
-633
-3803
4690
8715
-3665
-2626
5793
4051
-3306
732
-4634
290
-7969
4711
-5735
5059
9874
7095
-5277
-2539
-8681
6110
-1487
-260
7366
2004
-9312
2335
5148
8796
6371
-607
2216
5358
-3446
-4824
-5183
-8420
-4164
-2298
-6764
-4223
7499
3492
-1207
-2116
4397
-3072
-5957
3330
-9148
-9274
8916
-5501
-8567
-8999
7883
9333
4884
9869
115
-5649
4403
-4204
9433
-6224
8172
2484
-84
-7734
-6428
-3651
-6493
6518
-2409
-115
-8384
-3722
9750
972
3064
5396
-9346
6821
5648
-1257
8728
9394
5357
-1429
9796
4590
-1529
-3497
-9840
-4435
-5425
9082
2204
-1783
-2488
-8722
-3179
-3832
-2312
2187
-5225
1588
9068
-6215
9191
-5982
-1508
-8346
2664
-4386
51
6474
8026
-1295
-4629
-49
89
-4246
-517
8118
3429
5515
-7422
83
-9942
2510
-6513
6540
-2154
3179
569
-7850
901
-3467
-8348
-9935
-2786
670
-8352
-2703
-2204
3870
-1507
3751
3254
-1903
-7777
-2000
-2148
6402
-4059
9449
3098
6800
2160
-9775
-4826
2560
-3206
-5752
3443
-2983
8228
-4018
7018
1627
-660
7896
7855
-9980
4272
5691
5508
-6798
2421
4937
-3616
98
-408
-9230
-8269
-3068
-8348
7
6267
1661
3948
9887
-1127
356
7022
-9174
-6911
-6514
-7476
1594
-2172
-4022
3142
8040
-2465
-8272
4625
2829
-3403
208
-7361
6367
6321
-2308
6430
1376
-1517
-7089
8507
-7919
4407
9862
5919
7207
-4442
-5007
-538
-1044
-5279
1017
-2239
-6738
5144
-8967
-4306
-148
-8878
3148
-693
2985
7137
-3018
-4439
-3554
5094
9805
8076
-5576
-1995
733
-749
-6072
-8758
-7525
-8250
-6155
207
7551
-8587
-3354
2641
9727
-7842
-4939
9964
-3879
-8273
8928
1289
-4359
-9272
-7075
3926
-2478
-9393
9801
-3011
-5535
-6634
-1044
6630
803
-6884
3920
-5068
-3379
6913
9014
692
-2151
2072
586
6164
6358
-4995
9540
-5308
-7203
-3425
-2914
9564
7351
8623
-7486
6815
6639
4388
-9992
-450
7525
1142
9496
-8486
-7872
-3983
-6211
1315
-8457
-9854
-3093
7973
-2269
-2137
-306
-6296
5004
7529
-5122
803
3580
-9331
2262
-7064
1552
2230
-6836
1790
-5315
6120
7499
9284
46
2364
-9952
3844
-7358
4365
3885
6475
5856
312
-8036
-5830
-4062
3200
-6130
-3879
-6537
-3253
-1997
1076
-4494
1237
8356
-696
1522
8077
9176
-6127
2504
1174
-6812
-3659
5478
-6106
3393
-4563
-6499
-3312
9201
-6084
2824
-3118
-685
-6717
8124
5176
1462
7044
882
8228
-5308
-3809
-7713
-9418
-5368
-4117
7230
-4511
-2617
-5663
-4580
-367
4639
-4713
-905
9988
1045
-9293
-194
10000
298
-2226
2517
-3
-7493
-6616
9594
-295
-5309
137
-6904
-8640
-5244
-8975
-8738
-463
864
938
8206
-8751
1735
-5563
4157
4630
1142
6770
-1358
5049
3737
-1131
5030
3862
-1963
4371
-8502
-5635
-888
-9757
-7875
659
-2607
-1014
-4017
3914
1244
-7215
7067
-9138
8124
3016
-4795
-6547
2587
9155
-1219
260
-7181
7173
-5381
-6197
4578
3298
-8493
-6557
-8019
-1448
4550
9889
-4283
-523
8589
-1758
-3291
-2818
1052
-7610
-2173
7066
1201
-7149
-3399
-1817
7010
8268
-5921
-3239
9918
59
7457
-1425
-6513
-1221
2989
-2150
9447
-5687
8195
7235
-6634
6875
-9229
-33
774
6180
5567
-2667
-1997
-5270
-9525
5565
-6906
2619
9926
7088
-1833
-6162
-1689
-4545
2929
3466
-2172
-5959
-329
980
1575
1183
2301
-8194
-9274
-3855
-6857
6110
2977
7123
4235
-5630
5671
-3723
-1438
9538
1410
8825
-5419
-608
-9267
-7215
25
9451
-7640
-6938
775
6299
-5659
-3467
-9775
-4957
8561
-6434
-1855
-707
-8769
-8165
-8392
-2250
8496
-7119
-1769
3514
9805
6761
9767
9417
3968
1829
990
2858
2883
-4675
6651
6815
720
89
3512
-2465
9631
-5105
-7900
4460
1599
6114
-6761
-1354
3784
8899
2999
2291
-206
-3688
4032
3876
-9980
-5702
5581
-9190
-2832
-9560
-424
-1857
219
-1614
-7477
173
3873
-853
-5747
7301
-373
5105
1116
-3185
3419
-8990
-1676
-2098
5451
-2418
-1035
7407
-6787
-3986
5150
-6127
-2345
9250
5481
-7459
5659
-5406
-8691
-8078
1350
-2804
-6090
-49
7467
-8314
-3587
9601
4454
-8712
9181
5119
2569
5298
-5195
5478
3980
1641
-3486
2491
-2725
-3999
-6732
6018
7780
1723
2680
-3166
4397
-8149
-2027
9967
8388
7720
-6663
1591
-8908
-1744
-7438
656
6954
8763
4668
-6623
-4949
7216
9013
-9128
-8081
-554
6580
6720
8544
9093
4559
6777
-6315
-9979
-5441
4331
2319
5718
-6155
2179
4450
4058
-3467
-807
-7454
1461
-7414
-5153
9445
-4116
7016
-3465
-3908
-8949
7532
-1891
-9705
-7055
-3693
-9025
-5421
-2402
2777
2381
-3571
3471
3068
3021
5405
1489
-1329
-7557
-4795
1077
-9152
-2345
7418
49
-6383
4542
-818
7780
5849
-7340
-148
6323
-2147
1468
-6458
9854
9034
-5665
-4748
5399
-5502
1765
-6296
4810
7098
-1022
-8096
-1643
-9579
2621
7675
6620
-3013
4330
4220
4113
3530
5076
6986
-2174
8494
-6762
5961
-1309
-2500
-7031
-5453
-8588
-1276
-5514
-7291
-2345
-1926
-6189
-6264
3701
-9978
1921
-332
3438
-9413
7568
-9463
8289
-2301
4426
286
-4701
5883
-9610
7560
-6678
-5635
-4418
-8556
-9198
4550
7925
4917
5285
6720
-9506
-6040
-299
4935
4578
-7466
4450
-9158
-607
-6538
-9362
5519
-7431
1331
6824
-302
-3467
1987
5355
-727
-9771
-2218
2509
9346
-6161
-2088
7176
-194
-206
-6133
4745
-654
5270
-2004
-5696
-5737
3471
-704
4151
-3396
-4681
-9010
5302
-416
-53
6371
2943
-4292
1945
-8027
-7225
3392
2319
1178
2067
2894
503
-1038
-4460
8328
4153
-3197
-2460
2845
-1726
9321
-2505
9678
6666
-6667
-9313
9181
5302
4413
-3287
-992
-4856
-7494
8175
-6357
-2156
5829
1718
308
6170
5900
-1856
-4531
-9171
-1937
-1316
-539
-8731
-3789
9571
8990
5425
-5446
6227
-5752
-3280
-3908
-9906
3135
-3070
-3091
2545
-2710
1065
3542
4601
-8581
5384
-2065
6726
5451
-4582
-5553
-1931
-7717
5128
-5300
238
-2026
2335
4601
-9331
-9095
-2814
9180
7920
-653
-6428
-8099
-7428
-1363
-133
-883
-8163
-3219
8728
-3613
-361
736
-948
5985
9387
1360
-9047
54
-8291
-7976
7968
-860
-1519
2176
5606
5615
4430
-1452
7239
-9313
-7666
877
-2038
862
-3805
8082
-3592
66
7466
1413
-7363
3571
-7426
4529
3671
-5574
8991
665
9935
4296
6342
6440
-551
2587
-5848
-5635
-725
1201
1893
-8609
-591
7604
-4711
3062
3011
-9649
6913
6620
7030
6118
360
-6469
-6412
-9032
-4280
-5602
-8691
9969
8645
-1923
954
9862
5078
3403
-4342
-551
-6367
7018
7239
1660
-3943
6678
4987
-660
4378
6720
-8486
-7976
720
-9184
-4568
-5350
8185
-6367
-2397
2553
-4233
-5874
-697
6720
-1707
-4273
-791
-9101
-9623
6114
-2294
2935
-691
-3284
-1898
1083
8392
6085
803
-7777
6132
-1317
-9905
-6773
1318
-4152
1085
-970
5984
4771
1720
-8029
77
-7668
5031
-1242
9626
-2174
992
529
9951
-6708
-7317
-8571
193
-5083
6859
6430
-8346
2495
-2410
2222
-2239
-8536
3684
-9669
-811
-7101
-1228
8040
-9658
5687
4415
-7259
8118
4832
4880
1924
9886
1858
-1419
-6822
-3437
4111
-2040
2771
-6943
-1303
6239
-4227
-6058
-9273
-4863
-9313
5298
4265
8889
-3118
-5157
-1908
-1811
2429
853
5520
-7909
-8570
-8263
4995
7888
-8548
-254
-7243
-3178
-9788
7633
-4632
-9837
-1244
55
-9403
5453
-1241
4889
-2331
-1644
-8387
3294
-7235
-2529
1941
8348
-1129
-1384
1821
-4998
6614
9783
66
3069
-5709
-9345
-2804
3067
656
-9479
-2653
-9281
-5806
-4838
8916
7383
-4032
-5661
1552
-4152
1048
-7363
9452
2839
1160
882
465
7641
-9574
2387
2197
-666
9668
-7949
-1105
-2505
792
-8471
3512
2892
-3135
9488
3505
-6197
155
-7680
-7453
-6663
4309
-4280
6227
2301
7174
-7258
-5604
6628
9801
3393
275
-5539
8185
-3943
-3110
-5921
3142
3494
241
6227
3294
6251
8728
7314
7563
-2619
-7872
-9323
2719
1920
6914
2844
-5755
3678
-2145
4134
-8769
6972
2494
-7946
-1044
-984
-6884
8001
4913
6782
5951
-7810
8344
507
4620
-5226
-9525
-9673
-7037
-8856
6433
-465
7022
8488
5911
-2637
4220
4721
9544
4302
-402
-7962
1413
6166
3378
-8214
8569
-4204
6744
7367
9628
4220
5995
1902
-3896
2935
-3297
-7422
-7453
-896
290
110
1447
2478
-9980
8267
-3197
4896
-4447
-9200
1527
-6816
-1182
1566
-4487
5856
-8966
9834
3288
-3850
-6973
2547
3343
-3670
3071
1085
-8360
-4719
-7402
8218
-2258
6913
9771
7033
3270
-4283
1926
7562
8015
-1228
2216
2060
9167
5854
-7848
-6183
9093
2077
-9583
5211
8176
4051
55
7901
1477
6725
3301
-3396
-2551
-9829
-3712
-7149
5824
-2988
5700
-7357
9642
-2096
-1950
-5553
-6849
-7830
-6913
-1317
-5710
-2898
-2031
-9318
-1276
450
9328
519
-3154
-3328
8684
5166
-9461
2144
8849
-1472
32
8846
3676
3634
4687
6666
-6878
8840
9610
-6133
7137
-5820
4880
293
7597
-6158
2319
2577
-4874
-896
6901
-5159
-6502
5717
-8019
4630
-1511
-2572
3788
5474
9932
9862
-6527
-8758
-913
7625
5100
-5244
3270
26
-6383
-7788
-5604
-6695
3739
9408
6560
5975
-5512
3709
-258
1544
7524
7068
-1130
3998
-3089
-9075
-7140
-2648
-3983
-3983
8659
-7810
-620
8251
-1558
-7228
887
-4313
7390
-6087
5100
3892
5925
-1379
-9953
4427
-4937
9248
6864
-593
9665
-636
-2010
-5719
6611
-9010
-1924
8437
7837
7992
-3285
1350
-4852
-1832
-9352
5523
-9993
-7774
-5007
-8720
-7082
-1090
7388
10000
-2914
997
2203
-7756
-5242
5010
7698
-8469
-4984
-2414
6715
-5095
2880
-5078
-2988
2167
-4757
4447
-2197
-7852
-9855
7759
3879
8276
5998
8792
-4005
4528
42
-3243
8118
-3433
2199
-1908
-2970
9280
3471
3226
8504
1552
5058
729
-9980
-6920
5152
-9511
2653
6197
6901
-3467
-685
-1300
4731
-85
958
-860
4272
-4954
-9275
4470
-294
-6733
-3889
-2632
4312
-7951
-1996
1160
4374
-3012
6675
-4156
9069
-3795
8803
4700
-7581
9254
-3873
4832
-3951
5193
-8277
-2970
3018
7435
-5356
-8083
8392
8040
-7270
9362
8041
9197
7822
5548
5774
-7441
-8099
-7673
7879
-2099
4488
-5272
2120
4826
9460
7495
1133
-6606
6614
7007
-5478
-7933
6454
-6130
4700
-2513
8144
-4330
-9003
-807
6743
-1254
2470
-3402
-8639
9110
10
3110
8567
9794
1116
-3085
3661
-7850
-4957
4563
-3354
-7146
-6671
-1086
6059
5485
1909
-227
3062
9540
-7616
-9474
1035
6149
1141
-6294
-8963
-7439
-4062
-3047
-1181
7
6149
-103
9055
-4114
-815
4488
802
-2803
-3310
1562
9022
883
5474
-5909
-5140
-2273
-283
-3206
-4709
367
-3450
-7819
5162
-8803
30
4740
-1633
1305
3162
832
8561
-179
-1712
8572
-811
8772
-8110
-7153
-3709
-6250
-5936
40
3717
-849
-4024
4972
-4062
3182
-7919
-5380
-293
-194
691
-4742
-3242
4388
-7606
-5439
-4283
1529
4250
-1261
-1401
-5570
8754
3103
9564
6166
-46
4051
-1853
1211
-3903
-3467
-1985
-6990
-6881
2194
5871
4079
5712
-2172
9538
-1209
-4672
-2741
-3855
-7900
-9979
-1147
6227
8820
5239
46
5492
7987
1413
3132
-9942
8625
7697
1924
-974
-3742
-913
1314
8841
6811
-8581
-6298
5907
5396
-9104
3659
1289
8863
-3832
-7560
-2049
-2970
-9070
6121
6401
6852
8109
2652
-6512
9143
4130
-5914
-9387
7639
3688
-9317
-3047
8348
7574
-7170
5521
-7428
699
3532
-8083
390
-485
300
2999
-4369
-8285
3062
9862
-7905
-4008
6996
1947
1753
3243
7018
-2771
-1085
6894
4520
3723
-694
-9829
4056
-7929
1331
569
6824
7548
2772
-302
-2028
-3428
-3256
5285
2132
-1180
-2626
-9561
2348
-8092
-1989
-7887
230
-2220
-1842
4411
-3300
680
9287
7267
535
8565
690
4625
8968
7513
1802
-6351
-8845
2746
-329
-4642
5884
-50
7046
-9415
339
5199
-9000
8039
-9295
6773
-535
-1529
9059
6628
3212
-4477
-8027
-6510
-4116
-3280
7040
8218
-6549
-4696
-5871
4296
-7898
-6514
-3877
-6787
8126
-406
-840
-1878
-5864
3571
1800
3226
-4310
2603
-3349
-4866
-3890
-1811
-623
8159
-5272
-3180
-9502
-7543
-7050
8800
-2166
-6126
-8000
2615
9957
3810
9484
-6061
-9666
7435
-6904
-3891
-3501
-3437
59
-3100
-8075
-9156
2398
5387
247
9633
9738
-4795
9462
-1688
-7763
-9389
-403
7562
-7479
8872
5650
-7476
8976
-4355
-4036
-9710
-6492
8036
8156
-2020
-2748
-4445
4789
1150
-4561
8282
3067
-818
9718
977
-3075
2298
3979
3298
-1943
7711
-8965
7550
5639
-660
-9474
3234
-9969
-6623
-5544
2360
6178
7714
2603
6342
5340
-1383
-7935
-6351
-6339
9614
8645
-8472
6251
-705
1493
-2678
7738
-3405
-3565
-3299
-8074
-6010
-135
2000
-4904
-1978
3505
9112
-4884
-322
-8975
-5719
7647
-6446
-2000
4330
8420
-1826
7699
-8158
5854
3981
-8983
-1514
5911
-7447
-2691
4040
-124
-8285
6120
-1633
540
8282
-9747
4746
193
8391
5766
-9388
-6555
7601
-6590
8765
-636
802
5984
-5241
3141
-3688
-3752
-7077
-6961
-2309
-7543
-6806
3301
-367
9495
-4475
-155
9933
-4713
-6425
9863
-6472
7641
1999
-1187
-8671
-6164
-6645
-425
-2419
-3526
5718
-5442
3140
-9623
670
-1331
8629
-3223
-2028
5165
-8551
8276
1077
1493
269
8571
-4133
1028
-9978
6744
-443
1462
-3983
-1316
-6099
-7964
5701
8816
1735
2196
-8171
2840
-1303
8110
-2010
9894
-5823
8572
7495
802
8289
-6667
-986
1669
9916
3322
-8968
3639
4315
-6626
-5244
1851
-4292
599
-818
7461
4754
8315
9027
-1309
-2816
-8245
1655
-51
-4701
-9272
-686
4268
-1850
8793
-6850
-528
-3879
30
-4529
-427
-4447
4312
9391
-2897
3018
1291
-9916
7532
7562
-1687
3744
-3815
-9654
-8568
-4956
-4442
-7516
3071
2771
1068
9910
-7411
-75
-8047
-3832
4524
4159
-1913
-9308
9213
-8175
5111
-5971
-8364
540
-1586
-8034
-6764
4089
-2644
8900
-7673
1510
3742
-7476
-897
9120
-9319
-5002
9474
-5690
-9216
352
8768
-7953
7944
9177
9156
-5521
2204
2173
5622
6013
3930
646
2600
9445
-4367
4112
3495
7623
-3832
-2213
5353
-8666
-154
3324
-5814
1603
-8291
-862
-1902
2609
-5974
8276
7134
-896
2919
-6587
5034
-2124
3757
-5694
5214
9196
2695
883
3141
-4567
3505
9580
-6003
9254
-3565
-6227
5348
-9985
-5798
6953
8276
1834
2993
907
1564
5031
8981
7630
-6939
-8059
5364
7660
3279
-1609
1739
-1478
-8810
8902
8114
6400
-3924
5956
-6143
1801
6260
2430
5007
-3749
-5215
1035
-9366
2360
5589
-7750
-3114
-853
4145
664
-1578
1288
9784
-5767
9148
3346
-4534
1014
5739
4685
2643
-2450
-5687
8206
-7184
-7668
7673
3776
5700
1642
-60
-459
-2832
-8790
-1181
-4447
-1378
9718
-9355
118
-9639
2587
2539
-4376
-1744
7239
-4605
3392
6408
-7153
-5652
3688
5718
4021
-2419
3037
6698
-8725
1718
-5759
3975
8823
-7959
5091
-5871
-8094
-9615
-633
-8132
5485
-4054
-4736
-6784
-6547
-1181
4103
7879
-9127
9637
3951
-2038
8015
8347
7485
-127
-6117
7639
-8329
-108
3760
7300
4437
9007
-9701
-6231
-862
-4531
7550
-4870
-9341
-191
4114
-59
-3621
-9360
-4208
637
-5017
6474
4573
4568
-3287
-9935
9890
-9678
-6841
8322
570
-3328
-5419
-6319
-1413
14
-8006
-1267
-4322
-4973
-5230
-5230
308
3369
7417
-3757
-9811
1626
5651
3559
8159
-8160
1302
3250
8509
3212
-1265
-1329
3966
-8370
218
4816
-276
7905
3190
9888
-9465
6251
3021
2548
5211
110
-4852
748
-8769
5152
940
6804
3866
-4407
-9818
5918
-2677
-9097
4285
7524
-1358
544
8040
1823
-1925
-8377
7555
1945
2519
331
-331
-585
5818
9014
-4870
936
-3401
-3375
629
6716
2537
7968
-1886
-1321
1643
7568
-1127
4542
-3495
-1529
-9317
-8758
1145
2621
-2137
9451
6032
4045
2457
-2503
1244
-3032
5687
-147
-361
4754
-1181
312
9348
3540
2111
-3550
-9479
-4797
-479
3998
-4505
5187
882
-185
493
5398
5470
-5754
1924
-7037
2857
8872
-2418
-834
9913
5302
-1036
-3808
2593
7673
-7453
3388
-2026
-7114
-9274
2149
709
2082
-7550
-3425
8032
6733
-5754
-8606
-9656
5752
-6293
4111
7
7549
8808
-6881
-8034
-6312
-134
-849
-749
-3718
-5419
9666
-7582
-968
9977
-5866
-5124
-893
7868
-3781
4326
6666
7350
4972
-1205
9553
-8997
-621
3021
5583
9877
-1001
1081
-2410
5816
8017
2262
3222
135
-9901
3914
-6497
2574
-2970
-6204
4700
-7665
6767
9487
-985
-324
-1770
-6648
-6876
-5991
-4493
-9560
-8633
-7846
-685
-608
-362
4277
-9097
7016
3490
-4119
1856
-6121
4237
-5674
-3856
7297
2680
-488
-9275
-1317
-4961
-7431
-5897
-7675
9170
-5163
-1758
-409
-3383
-8877
5879
-7543
5458
-4389
-5744
2924
988
2603
-8854
-3845
2798
-3832
-8975
1664
-6343
236
-6204
-365
7851
-3075
1231
-1553
980
6083
8789
-6953
5006
3294
-9340
8039
-4318
-8210
3912
3757
-7623
-1355
3581
5078
-3815
200
9362
-2000
7100
-2711
-8700
2577
8193
3081
4071
5120
-8380
1179
7235
-332
7074
3602
-5841
6021
-8991
-3085
1360
5979
-1635
-1515
8832
822
-7466
8548
2963
-5973
1552
-8191
-8103
-7476
3110
-526
-4477
7397
6815
-985
2191
-3601
9039
7397
-4008
169
-6403
6511
-2779
3968
-4561
5802
8235
-5470
-3961
9469
1375
803
6004
7867
5396
-3317
5288
6553
3701
-7959
-5127
-538
-9548
-7313
9233
9304
-65
-4686
-5226
-5610
6430
6720
-8348
-6688
9934
-1997
-2491
5734
8488
-2676
-7308
-4607
864
-8364
5172
-905
-2301
1591
6728
7091
1413
-8347
5019
-8272
4112
3375
-8451
8512
-3280
8872
9884
-559
-8903
-9380
8119
-6342
59
7525
-1924
4333
-8110
4546
-4899
-4547
-1997
-6428
5150
-3399
-541
5088
-5337
-6887
3038
-6095
618
-3554
7662
4223
542
-3903
5680
-3258
-7454
-7257
2839
-5744
6052
8408
-3054
-631
-818
3163
6726
-8786
-7199
3555
2560
-6731
-2001
-139
4443
1017
-7285
-5759
-2322
1080
-7769
-4421
4284
-7037
-1538
-6829
174
6326
-2683
2111
-2942
8990
1199
-8291
-5031
5111
-619
4172
-4386
-6787
3182
3873
4890
5520
-7031
-4491
8402
1490
9469
7992
-4449
-5381
-8277
9577
-6398
-5142
-1965
2454
-50
4111
7992
5587
2789
4385
-9277
1850
8276
-6913
-558
181
5500
-3231
6765
9631
4797
4510
-2898
-7704
-9775
4901
3397
-787
-278
1030
8990
6251
1400
-1963
4782
-8273
-9757
4881
7714
-6527
-3223
461
9239
8705
-4805
2262
5176
-7048
-227
3937
5470
3346
-4528
-134
6787
9796
6815
1183
2763
-3093
-6667
-9456
5136
-9460
-677
-882
6720
8902
-4575
-5744
9570
-2746
-8052
787
-4389
427
-4152
-6955
-1453
1045
-811
-8412
4157
-7911
-4547
-8962
-4373
1447
-8337
-3243
-7670
1588
2747
-7761
-2215
-7900
-984
7712
502
-5766
-5037
-5488
9647
-8509
6643
7350
-660
955
-674
-6990
-3555
-3658
-1999
-9810
7208
-6546
-7801
9474
-5220
5557
-8975
4460
-9662
8700
-9156
59
4606
2098
-1816
2560
3871
-9346
-5141
-2269
9797
-8441
2007
3390
6179
-1692
8563
-5766
-8258
-8340
4024
9678
498
9381
2086
-5912
3588
1529
5816
3538
-2469
-5441
6372
6494
2514
6842
9261
5088
-2849
-6601
-1518
9678
-4476
7652
-7353
-3932
8700
7070
546
9136
6982
3742
-7050
-1529
-3571
-2220
-5278
4116
5272
-3181
864
3278
6004
-5279
5420
7541
-9980
-7999
4182
-7363
-6929
9618
4755
-4275
-6510
1026
1244
6526
-9842
3561
1579
1633
-5747
5242
467
1720
6344
4197
-8979
5396
4007
7662
-6510
8404
-2787
1094
-2690
-5470
-4268
214
7054
2114
-1410
3488
-6412
3482
-5166
6351
-9198
5298
-749
-8420
6726
2587
-3832
-6095
4842
-6428
-1300
-2404
7525
2387
-9732
-9317
-3715
-7556
3752
2501
-5483
9703
-3501
8315
9461
-4241
-1419
-2987
3370
7500
9691
-5150
-4909
3055
8236
4106
8015
-5380
-1421
-3584
3658
4559
-5034
-984
-6010
2587
-4350
5446
4435
722
1990
-1910
-6232
-984
325
-6966
8601
-4565
7747
-9149
-8443
-4789
-6750
1968
4920
-3396
7448
-8204
-6052
7285
4607
2853
-2290
6382
1285
6287
-7945
-858
5500
6666
9604
-7869
4003
-7953
6431
9033
-8641
1137
-8632
7109
5219
2919
-3971
4315
-8945
-9000
-2637
4618
3862
6447
-2333
-2968
-8695
5986
-2763
-6635
6461
4690
-1384
-6083
-2158
-8997
3419
4114
-6555
-8094
-7120
8164
-9882
4768
7350
-8093
1858
8752
4093
3377
8659
-4721
7466
-9926
-4695
-7548
988
8080
2190
-4128
-3437
-7633
8641
1901
-9157
6695
6540
-7490
7417
5084
4970
3351
6236
-3376
6359
5155
-2884
2454
8763
-4658
-9450
-5478
5393
5451
9949
4330
3845
9765
2560
-9312
4615
7981
6083
1461
882
-2583
361
-6930
-704
-5303
7548
2173
1633
1893
2974
-1633
-9274
2072
-8346
-3466
-6663
-6516
6555
2493
-4707
-6293
5190
1308
-9367
-6428
9453
-9700
8249
852
4220
-4137
9334
-7460
6201
7516
8760
-6740
-4797
7541
-7834
4296
-8874
-3537
2877
-5682
-1067
6035
4182
-8200
-7453
-6645
8786
5815
-3740
9548
-2273
-7845
-4461
5479
2312
-375
-585
-2250
