73,42,95,35,13,40,99,92,33,30,83,1,36,93,59,90,55,25,77,44,37,62,41,47,80,23,51,61,21,20,76,8,71,34,58,5,52,22,39,57,17,2,26,0,10,72,19,3,64,65,82,46,31,63,91,24,18,12,9,79,50,98,69,4,78,54,43,68,87,7,67,48,28,89,94,53,85,81,49,88,6,96,29,56,97,66,38,16,32,70,74,27,84,86,45,75,60,15,14,11

91  5 64 81 34
15 99 31 63 65
45 39 54 93 83
51 14 23 86 32
19 22 16 13  3

20 83 38 85 70
69 12 14 26 84
19 76 45 78 99
22 80 90 33 46
75 31 21  6 28

22 52 65 75  2
91 12 45 18 94
38 66 85 39  1
24 36 55 74  3
89 14 79 99 48

19 58 95 22  6
48 28 57 30 72
12 67 15 37 18
33  1 49 90 60
35 41 47 11 84

89 27 65 68 19
38 83 21 81 91
67 61 87 30 10
36 45 66 56  4
82 71 44 96 90

29 84 40 62 92
69 39  2  1 56
 6 20 27 97 54
14 28 65 52 32
31 58 36 95  8

84 46  4 15 66
28 99 17 68 37
57  6  8 64 12
18 23 24 45 34
39 55 85  5 19

56 63 13 76 35
 7 94 24 23 67
60 44 12 25 71
78 19 42 87 39
 2  3 69 26 22

75 43 42 45 77
57 59 88  3 49
27 23 64 60 12
53 85 83 52 21
24 50  6 31 80

34 43 75 69 59
93 23 46 48  2
 4 15 61  5 96
80 97 27 51 33
25 44 79 32 17

16 67 81 96 42
21 79 45 78 28
39 91 86 51 88
62 94 99 41 27
84 30 22 74  8

19 14 10 76 17
13  1 73  0 55
97 26 98  4 15
44 87 61 80 11
74 16 94 45 75

20 36 25 81  7
93 40 83 71 32
56  9 61 95 17
79 48 72 87 15
 0 12 78 13 54

76 42 24 16 20
94 89 38 85  4
96 99 45 78 84
88 55 66 34 63
47 95 27  6 17

75 24 23  4 81
95 58 40 52 13
 3  2 45 50 73
98 39 92 14 28
12  9 41 10 17

42 95 23 93 88
29 14 38 80 48
55 72 69 64 34
18 58  8 96 30
16  7 20  0 46

25 22 65 17 19
85  0 73 46 10
43 35 12 59 51
76 40 42 94 78
79 28 91 39 31

84 70 34 12  8
51  7 93 66 42
 0 39  4 22 38
 5 86 65 82 44
74 19 98 35 53

71 20 72 83 34
19  6 88 51 27
98 42 56 62 69
49 11 99 50 21
90 18 47 15 91

 2 93  5 60 98
71 73 12 50 18
30 87  9 69 21
23 90 92 49  1
99 34 11 33 58

18 83 82 92 72
16 19 73 25 55
35 20  8 41 39
45 71 70 23 30
 4 15 57 58 80

 2 50 95 34 83
72 62 15 89 12
20 39 65 68 33
92 67 60  1 56
29 86 23 37 45

36 86 92 58 74
47 39 30 40 56
17 18 14  4 97
20 28 62 94 80
88 84 98  0 38

85 88 47 43 44
82 52 60 61 42
39 87 33 36 14
40 49 13 20  4
86 92 19 90  2

 5 36 48 66 72
44 98 87 24 79
60 19  3 15 47
42 25 93 57 88
32 14 62 64 34

65 72 80 96 20
82 38 52 19 29
39 70 95 54 84
71 85 32 16 92
14 81 28 23 17

20 89 61 53 83
87 41 13 66 78
88 22 58 56 94
60 12 15 17 28
70 49 36 64 11

96 73 81 30 98
40 15 33 37 54
 0 76 22 13 36
17 49 44 27 51
26  6 92 25  1

25 95 96 31 22
34 42 41 60 23
75 32 77 81 15
17 79  6 11 94
97 85 66 44 43

 1 18 75 85  0
21 35 22 64 55
60 50 57 47 67
68 61 56 63 90
49 65 33 59 30

75 11 64 28 37
58 82 40 59  4
24 77 69 22  9
60 36 89  7 68
53  2 94 43 72

34 11 92 55 25
72 68 76 67 24
 8 50 56 59 12
90 91 86 13 29
57 79 16 26 42

94 49 69 66 52
47 65 43 38 81
64 40 10 32 13
70  3 74 83 37
56 59 55 78 39

87 95 51 32 35
21  4 80  8 24
 1 13 43 58 92
47 69 49 37 16
65 74 31 57 28

28 14 10 30 32
13 50 19 41 77
76 61 46 97 15
36 17 62 74 57
26 66 99 51 64

40 11 56 66 67
26 81 45 13 51
80 82 57 87 61
46 16 17 21 72
42 95 68 33 83

54 94 23 42 53
36  4 43 92 87
 8 59 69 62  1
86 98  9  2 73
 7 12 83 67 24

56 79 71 38  6
17 20 28 80 57
84 22 83 61 50
 0 52 36 92  4
70 55 63 12  3

18  9 47 22 32
21 95 45 50 34
84 69 19 16 36
85 62 71 88 98
55 80 37 63 83

19 51 99 30 48
 9  3 89 22 46
 6 76 15 95 90
53 12 62 67 98
74 31 16 54 65

42 58 20 27 64
18 57 76 82 43
72  8 61 60 12
88 13 49 91 78
96 83 51 86 14

49 79 90 21 85
39 10 78  1 47
66 70 86  9 74
31 62 50 58 25
19 73 28  2 55

78 29 34 87 77
 2 71  8 51 98
62 84 89 27 85
90 94 44 30 93
28 68 31 20 75

73 68 76 51 87
91 65  9 29 15
42 35 74 72 25
52 45 31 53 97
23 19 54 83 41

90 10 58 40 89
76 71 85 56 65
25 80 19  0 28
60  7 47 98 67
63 81 37 91 35

78 56 29 50 32
79 92 38 49 45
70 80 76 86 64
53 22 20 66 60
77 25 84 93 88

83 64 56 13 88
63 25 65  1 45
 7 61 57 37 75
58 96 84 91 28
43 69 32 74 99

39 54 73 61 46
60 44 71 33 89
 4 67 10  2 96
58  8 20 68 93
56 17 38 94 34

89 59 36 31 94
91 34 83 55 54
99 40 30 56 11
49 33 42 39 70
 2 64 17 25 87

25 97  2 45 93
88 92 78 32 69
67  6 47 37 96
51 40 82 57 99
30 38 29 55 85

65  7 29 39 58
28 27 20  0 84
32 31 44  4 57
17 79 92 33 41
94 35 22 74  5

62 77 48 50 97
39 91 42 73 88
23  3  6 17 15
13 37 25 65 16
94 12 54  0 14

45 55  3  2 40
49 58 43  5 72
60 46 33 85 79
61 34 27 92 35
54 51 65 23 17

 4 70 20 80 94
 1 74 53 83 10
91 16 46 63 75
39 90 81 27 17
38 19 62 44 92

16 25 99 27 66
80  3 38 10 11
52 98 83  7 76
70 29 79 96 42
41 74 68 36 82

50 73 72 40 93
60 96 52 74 63
51 30 87 41 82
44  4 59  0  1
43 62 10 13 58

92 98 20 94 95
37 57 74 47 38
36 89 97 14 59
81 46 66 55 35
82 62 42 12 28

 5 81  8 23 36
61  7 94 95 74
91 71  6 32 65
79 30 67 49 37
 9 44 84 58 82

19 56 13 80 65
79 59 57 10 44
78 97 49 26 70
72 95 18 14 96
 3 99 33 32 41

 5 42 18 14 57
19 62  6 92 96
 2 58 75 49  9
24 48 55 60 67
91 37 27 34 59

65 11 18 78  6
30 76 61 27 15
49 25 59 17 29
20 24 99 37 40
93 90 68 71 22

34 15 77 98 70
58 21 54  8 60
49 32 62 56 87
30 17 83 85 23
80 48 10 26 24

39 90 21  4 71
53 55 24 27 28
 5 87 54 66 20
32 18 10 77 59
99 80 91 13 34

 8 80 50 63 42
 9 40 51 83 93
91 89 32 74 41
28 65 29 33 55
59 31 99 36 19

 4 96 28 51 14
84 39 98 59 15
87 45 65 83 78
 2  8 49  0 36
 7  9 64 58 74

23 10 70 59 36
55 84 18 40 50
47 28 58 72  8
24 60 34 44 79
77 73 89 95 92

83 77 61 81 36
50 19 31 69 35
15 39 75 18 43
98 51 25 54 63
 9 74 91  6 88

40 81 16 82 25
66 57 98 14  6
92 71 27 39 87
17 12 20 23 47
83 22  4 90 73

92 22 17 80 55
20 35 34 62 88
23 47 56 14  8
45 52  2 36 67
28 69  5 93 44

99 88 14 47  2
22 51 15 57 68
33 13 71 80  9
63 69  7 90 74
17 87 36 46 16

67 27  7 65 73
13 87 16 99  6
33 30 96 41 23
 0 10  9 98 72
53 52 81 18 24

49 89 44  9 35
71 67 21 32  7
55 50 37 34 64
31  8  1 17 73
48 27 81 39  0

81 40 50 48 47
33 14 76 56 25
62 93 57 78 85
51 44  2 43 16
 0 74 27 20 22

96 30 47 33 57
91 70 31 45 84
20 13  2 36 28
 6 53 55 81  7
72 27 44 12 39

27 94 70 54 72
62 39 46 89 29
43 12 86 35  2
66 34 55 82 78
57  0 32 21 79

46 18 29 82  5
 7 52 10 12 45
23 20 94 43 32
58 40 83 37 75
90 55 27 61 99

17 60 69 63 39
41 66 23 56 79
57 51 50 28 85
90 20 16 34 81
74 64 46  4 62

29 55 38 24 11
44 62 49 32 22
81 23 26  0 86
28 25 33  1 88
58 14 97 30 27

20 69  1 86 77
89 92 15 54 93
94 74 51  5 97
68  8 38 21 46
79 87 40 34 62

81 49  5 52 77
 3 56 12 60 79
17  7 22 20 34
19 30 18 57 72
97 70 78 69 64

 2 93 28 54 49
62 81 89  6 67
32  4 42 25 14
24 91 40 77 50
41  5 47 12 95

63 98 66 51 39
25 46 80 23 18
90 70 24 47 14
15 91 61 85 87
82 92 58 55 40

94 83 68 23 34
26 35 55 84 97
66 19 85 77 72
73 89 75 42 87
22 40 20 93 67

53 70 42 54 65
72 24 32 89 83
23 33  5 79 60
 0 61 52 96 49
30 17 94  3 40

64 65  6 86 53
10 56  2 88 73
11 62 37 84  1
71 42 76 51 77
41 83 19 14  4

11 26 59 12 66
19 53 52  3 74
65 18 10 40 99
88 61 69 64 92
24 23  9 77 33

95 81 27 80 63
52 92 18 90 77
34 98 88 41 25
36 49 29 71 61
 6 12 78 15 40

15  1 48 41  8
 5 74 61 11 78
39 59 63 42 17
23 13 22 88 47
 4 95 33 44  6

81 16 38 97 74
37 58  2 17 10
99 44  1 20  6
85 68  0 98 95
14 24 93 45 80

83 39 90 48 38
96 85 84  4 21
55  5 91 33 43
49 37 79 68 20
93 69 54 71 99

88 69  1 65 20
47 15 57 54 25
44 36 60 99 29
74 46 75 82 40
98 26 77 43 63

34 48 25 64 32
66  1 71 47 99
21 82 41 14 57
 3 69 28  5 79
27 54 87 44 23

85 52 77 49 87
92 19  5 37 20
64 69 13 95 55
70 56 86 75 30
73  6 88  9 54

29 82 35 23 96
11 65 56 86 36
34 83 90 74  2
19 46 61 24 45
63  5 94 48 50

15 33 21 76 79
28 56 63 38 65
44 41 10 62 60
23 24 16 88 43
30 40 19  7  9

55 12 27 80 67
42 90 63 10 98
74 50 65 18 17
79  2 96 25 93
24 82 59 56 43

 7 42 31 49 52
59 50  3 28 58
11 55 75 91 60
65 76  1 38 23
86 19 64 22 80

73 81 41 54 92
70 39 66 38 27
89 15 80 22 87
36 12 48 93 26
44 85 19 60 49

 8 28 76 19  5
86 34 50 98 29
80 91 46 90 40
33 58 21 22 49
64 41 87 92 72

16 61 73 82 25
 8  1 53 10 71
47 99 90 93 39
87 74 41 52 69
17 49 91 30 33
